11 0.54609375 0.68046875 0.12109375 0.12578125
10 0.0640625 0.240625 0.09296875 0.10546875
9 0.38671875 0.22890625 0.17578125 0.27265625
8 0.3296875 0.1109375 0.05078125 0.07890625
7 0.553125 0.0875 0.046875 0.05859375
6 0.42109375 0.18515625 0.05390625 0.05703125
5 0.13671875 0.09140625 0.08671875 0.1015625
4 0.4125 0.2796875 0.071875 0.08359375
3 0.58671875 0.503125 0.1109375 0.12578125
0 0.25859375 0.73359375 0.09921875 0.1375
1 0.325 0.40703125 0.10703125 0.0984375
0 0.1265625 0.37109375 0.10859375 0.140625